1618359413
-1190134595
1842052111
-1069382332
477972438
-1460232732
-1192895667
-761205230
233897906
-372974322
-268100680
1885598123
-1146671387
1666578194
1275774797
-223642632
731040886
1136152865
-103941970
-153195220
777888284
-1676189962
1584731978
-1055388392
-955261181
1436629067
7123386
1101586364
-1839754545
1126928782
-1610147218
-1762152672
698242273
-261944364
1030138504
1820909157
473668568
478875662
-418459897
-1782621674
-1862891174
-326915718
1133921320
1212922307
1274162707
-517074085
-1950932216
-864852272
1296796157
-1952453141
-1365269107
-777855862
-1553937182
186666640
1529922695
-1587849862
1160616734
1223237454
-1006234607
-1967293954
-1113564503
106594685
-336297411
1257759764
1284033620
-2097862725
-1016865809
871992441
-1795132077
1263262499
650198025
3503346
1882299643
-1469341762
294045896
-783932440
2120868555
-616747975
-365468819
-854276806
1404154032
2019141848
1618161183
1125188686
-521007740
-1309152854
-919335921
-1505496215
54957016
1983289342
1955561437
-86404032
-122580750
56295189
105745466
1801573839
675581976
-387747816
763001549
2093161320
70243855
-2033749684
420719962
82157838
1649381598
-1691407229
122543393
1891651843
334872535
-1517367083
1005939844
-1343955297
-1541662761
464116624
1599057643
-13485470
1410951116
483228780
-1142011157
-684608691
-693485193
1758497027
1700010661
370432365
265611890
-2040876161
89992812
-1903462985
-1305683596
-841221996
-917383766
-49272037
-545635372
1203271856
-1280912893
-505703214
-1341227189
867971185
-487909190
1343354363
1767259133
-1725086633
998622804
-1346843035
902224570
1359664058
1189947514
288942254
-564894848
-1301182722
573178403
-1280658036
-1670258620
-218215164
2097704434
71075946
-478797839
-1382351901
361366236
-1176008394
-2057624143
279431383
-834461939
-291410055
-378615702
1546636153
-1534624500
-1283040601
-1096054
2030436400
-219646180
-1453892680
200724999
495680999
-943088411
-2023783433
1640323233
-1279864064
-1124696236
697994521
1923615850
-1056981625
-428943682
152399504
1437757575
458338986
-1169397941
-936217567
-713757128
-1587877528
-2080880751
1962912179
-1827064299
1337253001
807103871
392671338
923595161
1925085133
1326491004
754077940
-488142620
-573610904
-1084467249
-1991549150
532676796
-1360058196
-619659200
924566202
-1812712236
1639059208
2018212863
19511691
-1548553647
663291952
-396127803
762488512
1152300681
1995504797
556619833
742523769
1198986765
146882872
-1037312364
-512867177
-195883031
-2103434415
-86131833
656263639
1716965673
-2103459882
-506632613
-184341982
-1575768929
-1049323072
1542159962
-2044628702
367610596
1641718736
-1153719187
253633048
1558927003
198488443
289590022
1362105324
-1564530436
482181922
1328554047
521632389
-1962329456
1893785989
-1851263421
-478367398
-1439015879
1002863737
-492155411
1473813321
1544092789
549421273
-1216026706
-371020889
-2048721693
-1864164934
89849523
682486935
-848765947
498421985
-490007994
-346057057
885733190
1668743801
-488808077
2130644344
1693444415
-757803008
451673327
-527935964
802441269
-1835630974
-1260416203
157768262
-923383578
-28406774
120216306
1611893933
-1645835899
-1306605484
245153699
166249265
-1430157055
1420545223
1506129019
-808232510
762220173
1385574305
-1538600567
-2110590275
191300956
-511791500
-1732075750
-625448831
1890668716
-151122992
593343323
708363330
-1075422202
1901106241
89228867
632835612
-87462973
-1224704389
-1430118481
-1366422933
1030615506
1071225555
-1055521842
-558811047
-1554027849
790889969
1953628606
692561335
586909398
-1127558460
919652471
1235545105
1198466033
737075125
1275356648
-1520964868
-1446323474
2025147166
976098399
-505080911
363603421
1881422589
-2145715667
-1046390305
574906938
853011428
1220198281
-32842308
-178834578
293944116
382672564
909747036
-413267557
-1881268086
-733883810
651422534
-560541544
717212280
796952136
328663108
-1096807622
953766519
-2062242263
2050920058
195354325
209009692
-1498978603
279041978
1866453762
16724874
-251673188
-2055251690
-1033680479
-1434271960
1116486128
568636854
1996682017
938924178
1508762954
-106300694
371835646
-1107975980
-368636595
-514551422
668739723
2109645781
-1518597078
-2144898979
1776193521
-145400047
-1465359546
57369663
628387703
1148518282
-452996070
-1118600984
-1431542525
-1473410304
-1913805989
865013601
772941792
-1416763297
1942121050
1088130456
870798016
2114026360
-949806420
922653487
1452296709
-2025895949
-411953139
-1128747120
217236027
1142148996
-1344959359
582980932
1700244201
908992349
-854828356
1558128261
-1170570871
615235811
-269135165
-968476911
-997437229
1587970467
1925352658
-2097342656
714137665
-1916647801
923602560
701578328
-1746872369
-873963964
-845472224
2061670944
1652808707
-1337915626
-2068977558
615809458
-557717972
1800608687
-539927461
-177399403
1736137966
-1942152340
1987273049
-1660173557
801878269
-663092790
-483013735
957350054
-1800240601
-1613258473
-1891585339
-141577695
-2034528104
-26512276
-518975784
5552492
-195166631
-1716642598
-140918964
-1685627640
-766532327
330628578
1330339959
-269747307
1871807536
-486232790
-923167950
873456808
1808173792
-1645336210
-1059415365
1730833122
-1481227555
1897139380
-1874299684
-2060156099
1710300943
953429443
-1246179252
789218729
346321557
270886101
1439925588
1083237079
-1375185907
-1807718517
484799669
890102611
-1833832174
1181085728
594014408
1115145176
1287198213
2072224737
691213543
278381279
-465048048
-6525732
-1284264181
98038648
-1307033752
-1074775337
-1344036938
-1969559203
-892229679
1848270724
-1370631149
-363228604
-613376665
-1885537807
1716862555
-1061891979
1125529498
-251452091
-1660391303
493726363
1310524537
413851305
-96355088
-972020514
558853684
1501746819
-2089942532
-1807083728
1457550555
1486332137
777159415
-710372122
-1047543700
-1622214316
-452168706
-1978943093
-1183953141
-1637413485
-620028972
1120530161
-1052163181
-341113853
-747655163
1652097160
1349709
-1783811843
-229879986
1441042418
-1090012674
-387272818
-2048016836
-1491157290
-407220442
-1480371859
1777453586
756097523
-307253369
1844189737
-442075665
297881976
-123482141
531741090
1078744624
-1998738797
-522934774
-255608391
1788395026
1012667976
951011603
-996650165
-1552243812
658368899
1475891689
-1492902310
-1594925637
-1675021713
133906441
-1918889587
-1562206034
-273086712
-154868087
-582253350
-1343791964
-496260881
-1524030117
-1447089279
-1202888030
-1121021316
-929795373
-620676805
1173484458
-1158299367
-1968309914
1423582899
-462971367
46977229
634867123
-1704146635
1609829712
631618839
-756875065
-619990620
279490455
-485336323
304845468
-1198455119
2076530237
1431494755
348686563
-1172484535
-421383165
-1862988640
1916251651
1131731535
-397353543
333760078
-1213416352
142265483
1425682729
-58178975
-2003174944
2026104289
267994676
680462458
-1876392022
673879237
-2121150917
-574855043
25127472
435222254
-870152768
577451360
-1255895697
1402257993
211459148
689035590
1957906805
-1237038800
184759954
921376460
-539481309
-1054667301
354184916
-614921311
-1371929292
780114198
1394571141
-1730328485
1442090365
-234649548
-1548893137
-757460599
1036585590
-1056831933
-99656554
-906093052
1366152440
1066935424
-949961186
494757514
-978472376
546686477
913502057
-296822132
362039891
-497216799
-383342012
-1127215546
1106591291
1934730751
-1892302909
363673104
1701815058
2085612266
-1746134359
1643971316
149415140
-1707581865
-1937505266
-983223169
-611428870
-1474189788
1441762875
219542492
-1775702435
-847268728
-116176424
-927511522
-1212481640
767388300
-1105942200
-867871780
1242423490
1823043002
1956689492
1955388418
323606203
1139680531
-1372193274
281262054
654228661
-589819579
-1832462633
399831705
284176630
-1238567907
28796172
816481663
1056000475
1930001210
1133314396
1195598882
-1990715617
-589143549
-841292330
-1241648830
-212765859
-1289666854
-850246399
275525936
-371070509
363098001
-6672572
210259291
1642640488
-1611867876
838199944
-445301461
2001081839
-801411448
-1324965861
-111106035
1503040685
1938535211
1935639767
1071142094
-368518888
1417128989
-1972248701
137804332
-101960479
-622529306
-842493576
-1913682774
1727141429
471985016
165741959
-1010948700
-1325601986
-1173018785
-1469470439
-62537822
704330223
-74403786
-1718856808
533922800
-1560940543
-1828870307
-1351794674
283497837
-698011848
1521244392
-194151158
-181287773
-1487988246
-497031207
1145697994
-601769704
1122526145
1869351314
1981710230
-807642141
-274289985
724468868
870742633
-1215555711
-986653566
-1038784980
-1718940713
-1702444823
479865801
-218225600
1814623530
689847773
1947753014
1120476453
406224333
-492520318
-47293867
-1514132573
1020530413
-2050731982
-1806660132
-551140901
-770153123
-1980561519
1972905012
842088311
-1982628423
1539952606
1735351607
-703695069
-464412978
-1147815541
309900347
866490173
928654905
-2099219954
-510707889
-19600952
456915789
-467269895
-1646358844
-1457709147
41143353
-323271096
1576368366
-664659196
982940010
1028214777
-1549943253
-1932956393
-353610962
-159896350
1198580004
2081848072
1825574297
917208766
852561747
443514413
1303285420
139566472
-849209916
2138428282
-2001536334
-1485392372
1385586207
911167030
-788749587
-967656006
715143141
1726317042
-1024279950
1017270204
-1873284616
830158773
1310979409
-234371253
-1213495199
-1962442116
-815893000
162736958
-969610675
466167521
-158421800
1650769635
-35644327
964446745
1807355464
2059881490
-1202013425
-288908253
206881450
610040446
1167761839
1763012925
-864045877
671533134
1885452593
543194778
-1464950129
-337512469
-1518259318
-1866256814
1779176397
869533467
1308538670
-1760313702
887839608
2051933007
1835155158
264675380
989267710
-296399048
-1667518078
-1930180568
1825333236
-2073875041
-480545087
485681332
2124080114
1915856246
497650480
-1446132352
-77015365
-278260951
-1371875009
1644631829
-653503839
-811926727
1606212155
-2144882288
100301607
-232787444
-196361337
1063969426
-1476086297
603958526
-356006867
-1543619974
1110838710
-1015967557
704779925
869807318
645997573
-1375907633
1107487379
-982748138
-2012130166
104625278
-936023130
180061314
722988830
-2039556912
2086102910
-1800971667
689482728
244344816
-1512154946
1129643946
189185467
682618294
-1134831101
-1208540097
-1179244867
1915441538
2106049829
-1713076648
1950036808
1567610187
557220540
-946313858
1661746964
321477111
988171749
-1150651128
-673699691
1823299820
-503943098
380568017
1178998433
-115121434
155695694
-205045973
1660515413
-1263126517
624278465
196407058
-192985287
-634008260
-1077116813
356768164
1345864610
-448539987
-820587181
-301021232
-2136652969
715755447
882727339
-271780531
-793640329
655304684
-269557595
1504718286
989087385
-415654549
881780496
1835731315
-1298934731
1769350262
-1238425244
-50725758
-1208887743
321821761
1491428867
-792646058
1668062239
-385072884
-966821951
-532919401
1594282422
281734003
-1188399962
-1583560789
-360213027
-1020235516
-1539576590
965099883
1595609856
-1883178478
-2092505504
-1965031655
-36602371
335700168
1749503919
-1163020910
-1848336561
-894571136
